rank sepolia arbitrumSepolia baseSepolia zksyncSepolia
1 31.66 30.67 120.34 122.94
2 32.41 31.73 120.95 123.33
3 32.84 32.51 121.44 124.18
4 32.88 32.52 121.58 124.82
5 32.95 32.60 121.68 124.98
6 33.02 32.89 123.04 125.07
7 33.13 33.01 123.60 125.16
8 33.17 33.34 123.62 125.35
9 33.21 33.51 123.78 125.46
10 33.41 33.54 123.81 125.53
11 33.47 33.68 124.71 125.55
12 33.67 33.69 124.89 125.58
13 33.75 33.71 125.10 125.64
14 33.77 33.71 125.14 125.78
15 33.78 33.79 125.45 125.95
16 33.85 33.99 125.94 126.02
17 33.92 34.00 126.00 126.08
18 33.94 34.00 126.16 126.09
19 33.97 34.08 126.16 126.18
20 34.01 34.15 126.78 126.23
21 34.07 34.29 126.78 126.27
22 34.08 34.31 126.80 126.29
23 34.28 34.33 126.84 126.33
24 34.38 34.40 126.88 126.34
25 34.45 34.43 126.91 126.41
26 34.51 34.45 126.98 126.53
27 34.54 34.45 127.36 126.70
28 34.54 34.61 127.37 126.72
29 34.58 34.63 127.90 126.74
30 34.68 34.67 128.38 126.78
31 34.70 34.80 128.52 126.85
32 34.75 34.80 128.95 126.92
33 34.77 34.82 128.96 126.95
34 34.81 34.83 129.37 127.10
35 34.86 34.95 129.78 127.10
36 34.89 34.97 129.80 127.13
37 34.95 34.97 129.92 127.15
38 34.99 35.00 130.18 127.16
39 35.04 35.17 130.30 127.16
40 35.05 35.34 130.55 127.18
41 35.05 35.38 130.68 127.22
42 35.07 35.40 131.00 127.25
43 35.08 35.43 131.17 127.28
44 35.10 35.44 132.12 127.28
45 35.10 35.44 132.65 127.29
46 35.11 35.47 134.75 127.34
47 35.13 35.53 134.97 127.47
48 35.21 35.55 136.27 127.53
49 35.21 35.70 138.99 127.54
50 35.28 35.72 139.89 127.56
51 35.32 35.73 139.96 127.61
52 35.33 35.73 141.18 127.63
53 35.40 35.77 141.83 127.70
54 35.41 35.81 145.93 127.78
55 35.41 35.85 146.55 127.79
56 35.43 35.85 151.83 127.86
57 35.46 35.91 159.90 127.91
58 35.51 35.93 165.08 127.93
59 35.59 35.94 170.40 127.97
60 35.63 36.00 173.42 128.00
61 35.68 36.00 173.49 128.06
62 35.69 36.02 173.83 128.07
63 35.75 36.06 175.69 128.09
64 35.80 36.07 176.05 128.09
65 35.86 36.11 176.24 128.12
66 35.86 36.14 176.72 128.13
67 35.86 36.14 177.51 128.27
68 35.90 36.19 178.23 128.32
69 35.92 36.21 179.34 128.35
70 35.93 36.25 179.45 128.54
71 35.94 36.28 179.73 128.56
72 35.96 36.30 180.00 128.60
73 35.98 36.30 180.14 128.65
74 36.00 36.36 180.44 128.66
75 36.09 36.46 180.91 128.77
76 36.11 36.51 181.62 128.78
77 36.13 36.56 181.62 128.86
78 36.20 36.60 182.10 128.90
79 36.22 36.62 182.31 128.91
80 36.26 36.64 182.82 128.95
81 36.31 36.65 184.04 129.00
82 36.38 36.65 184.25 129.03
83 36.39 36.69 184.30 129.03
84 36.39 36.74 184.48 129.03
85 36.43 36.74 184.74 129.19
86 36.46 36.75 184.81 129.22
87 36.53 36.76 185.15 129.46
88 36.55 36.77 185.70 129.57
89 36.62 36.80 187.66 129.59
90 36.69 36.83 188.81 129.59
91 36.73 36.85 190.88 129.68
92 36.80 36.89 191.38 129.68
93 36.84 36.90 196.91 129.75
94 36.84 36.91 197.49 129.76
95 36.84 36.91 198.31 129.78
96 36.85 36.92 198.75 129.81
97 36.89 36.94 199.88 129.93
98 36.89 36.97 200.12 130.02
99 36.96 36.97 201.63 130.08
100 36.98 36.98 201.64 130.19
101 37.00 36.98 202.05 130.30
102 37.04 37.05 202.26 130.43
103 37.05 37.10 202.38 130.43
104 37.09 37.10 202.39 130.60
105 37.23 37.10 202.43 130.62
106 37.24 37.14 202.55 130.65
107 37.25 37.15 202.70 130.96
108 37.26 37.20 203.00 131.10
109 37.27 37.23 203.02 131.23
110 37.27 37.24 203.07 131.75
111 37.30 37.25 203.14 132.29
112 37.31 37.32 203.19 132.34
113 37.40 37.34 203.35 132.99
114 37.42 37.35 203.36 133.15
115 37.43 37.35 203.36 133.20
116 37.48 37.36 203.41 133.32
117 37.53 37.37 203.43 133.66
118 37.62 37.40 203.44 138.78
119 37.69 37.45 203.55 139.68
120 37.75 37.45 203.60 140.52
121 37.76 37.46 203.65 145.77
122 37.76 37.48 203.74 146.01
123 37.79 37.50 203.79 146.93
124 37.82 37.60 203.83 147.14
125 37.85 37.63 203.85 147.79
126 37.98 37.64 203.87 148.52
127 38.01 37.71 203.88 148.85
128 38.05 37.72 203.89 151.51
129 38.08 37.84 203.96 151.85
130 38.10 37.84 203.99 151.94
131 38.21 37.84 204.05 152.13
132 38.24 37.90 204.07 152.27
133 38.26 37.94 204.08 152.69
134 38.43 37.96 204.15 152.74
135 38.49 37.96 204.18 152.82
136 38.51 37.99 204.21 153.29
137 38.52 38.01 204.26 154.00
138 38.52 38.07 204.29 154.38
139 38.60 38.09 204.30 154.67
140 38.63 38.18 204.31 155.74
141 38.63 38.19 204.35 156.64
142 38.83 38.26 204.37 157.53
143 38.84 38.26 204.37 157.97
144 38.95 38.27 204.38 158.75
145 38.97 38.38 204.38 159.35
146 39.04 38.40 204.41 160.19
147 39.04 38.60 204.42 160.28
148 39.07 38.64 204.45 161.43
149 39.08 38.74 204.46 167.46
150 39.08 38.74 204.46 172.10
151 39.15 38.82 204.48 173.05
152 39.17 38.94 204.49 174.02
153 39.18 38.95 204.53 174.46
154 39.21 39.00 204.54 175.83
155 39.22 39.04 204.54 176.06
156 39.23 39.04 204.55 176.21
157 39.27 39.06 204.56 176.46
158 39.28 39.06 204.57 176.49
159 39.33 39.09 204.57 176.84
160 39.35 39.10 204.59 176.93
161 39.37 39.12 204.60 177.34
162 39.38 39.22 204.60 177.73
163 39.40 39.25 204.61 178.21
164 39.41 39.29 204.61 178.36
165 39.47 39.29 204.61 178.42
166 39.58 39.30 204.62 178.93
167 39.59 39.35 204.63 179.05
168 39.69 39.40 204.64 179.21
169 39.69 39.43 204.64 179.28
170 39.80 39.44 204.64 179.50
171 39.80 39.44 204.65 179.62
172 39.82 39.45 204.65 179.75
173 39.99 39.55 204.66 179.75
174 40.14 39.65 204.67 180.17
175 40.15 39.71 204.70 180.19
176 40.15 39.78 204.70 180.20
177 40.19 39.84 204.71 180.28
178 40.26 39.86 204.73 180.32
179 40.30 39.92 204.73 180.33
180 40.34 40.08 204.75 180.35
181 40.47 40.12 204.75 180.38
182 40.54 40.12 204.76 180.44
183 40.54 40.13 204.76 180.57
184 40.59 40.17 204.77 180.89
185 40.60 40.22 204.77 181.04
186 40.65 40.29 204.77 182.58
187 40.68 40.42 204.78 183.14
188 40.75 40.45 204.78 183.55
189 40.80 40.48 204.79 184.58
190 40.83 40.58 204.80 184.75
191 40.87 40.59 204.80 185.43
192 40.92 40.71 204.80 191.33
193 40.92 40.71 204.80 195.61
194 41.08 40.79 204.82 197.12
195 41.13 40.85 204.82 199.39
196 41.15 40.86 204.82 199.53
197 41.20 40.93 204.82 199.58
198 41.26 41.03 204.82 202.80
199 41.29 41.06 204.84 202.82
200 41.45 41.08 204.84 203.09
201 41.60 41.11 204.85 203.24
202 41.62 41.16 204.85 203.43
203 41.64 41.17 204.86 203.58
204 41.74 41.25 204.86 203.60
205 41.92 41.26 204.87 203.87
206 41.95 41.29 204.87 203.90
207 41.96 41.42 204.88 203.92
208 42.00 41.42 204.88 203.97
209 42.09 41.45 204.90 204.07
210 42.14 41.47 204.90 204.09
211 42.15 41.61 204.91 204.11
212 42.29 41.66 204.91 204.39
213 42.32 41.72 204.92 204.42
214 42.38 41.99 204.92 204.45
215 42.46 42.01 204.92 204.51
216 42.58 42.02 204.92 204.52
217 42.61 42.04 204.93 204.52
218 42.68 42.07 204.93 204.54
219 42.74 42.12 204.93 204.55
220 42.74 42.23 204.94 204.57
221 42.77 42.33 204.96 204.57
222 42.88 42.37 204.96 204.58
223 42.88 42.38 204.96 204.60
224 43.05 42.38 204.97 204.60
225 43.06 42.44 204.97 204.62
226 43.10 42.48 204.98 204.62
227 43.14 42.52 204.99 204.63
228 43.25 42.57 204.99 204.64
229 43.42 42.66 205.00 204.65
230 43.47 42.77 205.01 204.66
231 43.64 42.80 205.01 204.66
232 43.99 42.95 205.03 204.68
233 43.99 42.97 205.03 204.68
234 44.16 42.97 205.03 204.72
235 44.38 42.99 205.03 204.72
236 44.56 43.00 205.03 204.73
237 44.62 43.07 205.06 204.73
238 44.69 43.12 205.07 204.73
239 44.69 43.24 205.09 204.74
240 44.75 43.34 205.11 204.74
241 44.77 43.40 205.11 204.75
242 45.05 43.45 205.13 204.75
243 45.05 43.48 205.17 204.77
244 45.40 43.53 205.19 204.79
245 45.44 43.65 205.20 204.79
246 45.62 43.74 205.23 204.80
247 45.67 44.03 205.25 204.80
248 45.98 44.05 205.26 204.80
249 46.10 44.16 205.29 204.81
250 46.38 44.22 205.29 204.81
251 46.89 44.49 205.29 204.82
252 47.01 44.49 205.30 204.83
253 47.04 44.51 205.31 204.85
254 47.43 44.79 205.39 204.85
255 47.46 45.10 205.40 204.86
256 47.59 45.14 205.40 204.87
257 47.92 45.17 205.42 204.89
258 48.61 45.29 205.46 204.90
259 48.68 45.35 205.47 204.90
260 48.87 45.37 205.47 204.90
261 49.57 45.38 205.48 204.91
262 50.10 45.42 205.48 204.91
263 50.73 45.44 205.55 204.91
264 51.37 45.50 205.74 204.97
265 51.65 45.60 205.75 204.98
266 51.75 45.71 205.87 204.99
267 52.31 45.79 205.87 205.08
268 53.58 45.83 205.98 205.09
269 53.69 45.97 206.03 205.11
270 53.81 46.03 206.09 205.12
271 53.87 46.12 206.15 205.12
272 54.01 46.43 206.20 205.12
273 54.45 46.57 206.43 205.13
274 54.86 46.65 206.44 205.17
275 54.87 47.87 206.49 205.21
276 54.94 48.23 206.60 205.21
277 55.08 48.31 206.65 205.21
278 55.73 48.44 206.68 205.23
279 56.76 48.66 206.76 205.28
280 58.82 48.96 206.83 205.33
281 59.77 49.06 206.91 205.52
282 61.17 50.10 207.07 205.74
283 61.53 50.76 207.13 205.88
284 61.74 50.82 207.33 205.95
285 61.92 50.91 207.54 206.20
286 62.45 51.05 207.59 206.54
287 67.55 51.83 208.23 206.94
288 68.74 51.87 208.64 208.49
289 74.67 52.09 209.27 208.67
290 75.35 52.19 209.38 209.82
291 77.81 53.27 209.45 209.98
292 80.89 54.25 209.95 210.21
293 84.41 57.25 210.16 210.24
294 88.66 57.86 210.63 219.96
295 106.39 59.41 210.83 231.33
296 120.32 63.47 210.98 238.99
297 261.96 72.15 213.61 242.53
298 272.52 75.55 220.31 431.52
299 272.92 89.72 302.41 479.18
300 279.16 127.86 308.24 486.56
